v
0 0 0 
1 0 0
0 1 0
0 0 1
e
0 0 1
0 0 0
0 1 1
1 0 1
o
0 1 0
0 0 0
0 2 0
0 1 1
1 1 0
n
0 1 1
0 0 1
0 2 1
0 1 0 
1 1 1
o
0 2 0
0 1 0 
1 2 0
0 2 1
t
0 2 1
0 1 1
0 2 0
1 2 1
i
1 0 0
0 0 0
2 0 0
1 0 1
1 1 0
l
1 0 1
0 0 1
2 0 1
1 0 0 
1 1 1
t
1 1 0
1 0 0 
1 2 0
0 1 0 
2 1 0
1 1 1 
a
1 1 1
1 0 1
1 2 1
0 1 1
2 1 1
1 1 0
s
1 2 0 
1 1 0
2 2 0
0 2 0
1 2 1
c
1 2 1 
1 2 0
0 2 1
2 2 1
1 1 1
d
2 0 0
1 0 0
2 0 1
2 1 0
p
2 0 1
2 0 0
2 1 1
1 0 1
r
2 1 0 
2 0 0
2 2 0
1 1 0
2 1 1
i
2 1 1
2 1 0
2 0 1
2 2 1
1 1 1
e
2 2 0
2 2 1
2 1 0
1 2 0
k
2 2 1
2 2 0
2 1 1
1 2 1
